	(1)	(2)	(3)	(4)	(5)	(6)	(7)	(8)	(9)	(10)	(11)	(12)	(13)	(14)	(15)	(16)	(17)	(18)	(19)	(20)	(21)
VARIABLES	herd1	good1	bad1	alltime1	herd2	good2	bad2	alltime2	herdDiff	goodDiff	badDiff	alltimeDiff	wtp_good_alltime_1	wtp_bad_alltime_1	wtp_herd_alltime_1	wtp_good_alltime_2	wtp_bad_alltime_2	wtp_herd_alltime_2	wtp_good_alltime_diff	wtp_bad_alltime_diff	wtp_herd_alltime_diff
																					
datenum	0.00780	-0.0109	-0.0397*	-0.00298	0.000777	-0.0342	-0.0479**	-0.000646	-0.00703	-0.0233	-0.00823	0.00233	0.0869	0.0607	0.0322	-0.656	-1.039	-0.122	-0.743*	-1.100	-0.155*
	(0.00856)	(0.00629)	(0.0212)	(0.00320)	(0.00724)	(0.0322)	(0.0220)	(0.0157)	(0.00623)	(0.0275)	(0.0222)	(0.0152)	(0.0683)	(0.0488)	(0.0290)	(0.415)	(0.720)	(0.0824)	(0.413)	(0.719)	(0.0771)
herd_size	0.00170	-0.000539	-0.00268	-0.000266	-0.00336	-0.00717	-0.00927	0.0110	-0.00506**	-0.00663	-0.00660	0.0113	0.0246	0.00194	0.00981	0.234	0.392	0.0414	0.209	0.390	0.0316
	(0.00187)	(0.00125)	(0.00716)	(0.000958)	(0.00191)	(0.00663)	(0.00586)	(0.00651)	(0.00184)	(0.00658)	(0.00738)	(0.00664)	(0.0195)	(0.0137)	(0.00716)	(0.137)	(0.242)	(0.0259)	(0.140)	(0.251)	(0.0269)
age	0.00113	0.00402	0.00173	0.00319	0.0152	-0.0209	-0.00248	-0.0531*	0.0141	-0.0249	-0.00422	-0.0563**	0.0729*	0.0219	0.0285**	-0.481	-0.769	-0.0459	-0.554	-0.791	-0.0744
	(0.00558)	(0.00951)	(0.0139)	(0.00325)	(0.00911)	(0.0194)	(0.0252)	(0.0246)	(0.0100)	(0.0207)	(0.0182)	(0.0242)	(0.0383)	(0.0388)	(0.0129)	(0.568)	(0.984)	(0.113)	(0.563)	(0.981)	(0.108)
female	-0.270	0.00199	0.500	0.0885*	0.333	0.154	0.626	-1.235*	0.603**	0.152	0.126	-1.323*	0.820	0.785	-0.0146	-4.075	-6.049	-0.0724	-4.895	-6.834	-0.0578
	(0.166)	(0.244)	(0.283)	(0.0485)	(0.234)	(0.691)	(0.373)	(0.683)	(0.209)	(0.634)	(0.406)	(0.668)	(1.347)	(0.785)	(0.393)	(4.296)	(7.762)	(1.211)	(4.594)	(7.926)	(1.363)
workMale	-0.0119	0.0631*	-0.197	-0.00658	-0.00164	-0.0575	-0.179	-0.0925	0.0103	-0.121	0.0182	-0.0860	-0.954	0.344	-0.373	-3.871	-5.755	-0.676	-2.917	-6.098	-0.303
	(0.0172)	(0.0308)	(0.150)	(0.0194)	(0.0381)	(0.102)	(0.119)	(0.135)	(0.0417)	(0.0957)	(0.0920)	(0.135)	(0.762)	(0.207)	(0.319)	(2.808)	(4.860)	(0.570)	(2.874)	(4.861)	(0.618)
workFemale	-0.0227	-0.0703	0.227	0.0158	0.0413	-0.0728	0.148	0.0115	0.0639	-0.00250	-0.0790	-0.00431	1.525	-0.341*	0.559	2.157	3.026	0.406	0.632	3.367	-0.154
	(0.0266)	(0.0403)	(0.212)	(0.0322)	(0.0529)	(0.134)	(0.151)	(0.108)	(0.0533)	(0.130)	(0.106)	(0.109)	(1.197)	(0.175)	(0.499)	(1.720)	(2.988)	(0.371)	(1.957)	(2.958)	(0.531)
2.main_animal	0.256**	0.129	-0.156	-0.0406	0.157	0.0418	-0.181	0.558	-0.0990	-0.0873	-0.0250	0.598	0.139	-0.495	0.436	-0.527	-3.322	-0.833	-0.665	-2.827	-1.270**
	(0.102)	(0.208)	(0.178)	(0.0730)	(0.137)	(0.780)	(0.502)	(0.329)	(0.147)	(0.617)	(0.489)	(0.375)	(1.338)	(0.855)	(0.513)	(2.174)	(3.764)	(0.706)	(2.020)	(3.756)	(0.443)
3.main_animal	0.545*	0.675	0.439*	-0.0131	0.747	-0.339	0.703	-0.310	0.202	-1.014**	0.264	-0.297	-1.437	-1.641	0.938	7.754	11.60	1.925*	9.191	13.25	0.988
	(0.277)	(0.581)	(0.227)	(0.192)	(0.461)	(0.540)	(0.651)	(0.448)	(0.208)	(0.378)	(0.588)	(0.327)	(1.430)	(1.440)	(1.416)	(4.966)	(8.508)	(1.003)	(5.630)	(9.267)	(1.859)
2.enumerator	0.137	0.00883	0.575	-0.0415	-0.145	-0.702	-0.000865	-0.0682	-0.282*	-0.711	-0.576	-0.0267	-2.220	-1.345	-0.746	-3.229	-2.351	-0.188	-1.009	-1.006	0.558
	(0.0916)	(0.217)	(0.461)	(0.0796)	(0.169)	(0.474)	(0.371)	(0.457)	(0.140)	(0.569)	(0.665)	(0.438)	(1.655)	(0.953)	(0.680)	(3.655)	(6.883)	(1.141)	(4.129)	(7.302)	(1.302)
3.enumerator	0.0945	-0.0234	1.651**	0.0977	0.0535	-0.486	1.229**	0.362	-0.0411	-0.463	-0.423	0.265	-2.352	-1.955*	-0.602	16.25	29.07	4.075	18.60	31.03	4.677
	(0.141)	(0.123)	(0.594)	(0.105)	(0.250)	(0.706)	(0.507)	(0.756)	(0.281)	(0.712)	(0.719)	(0.711)	(1.508)	(1.075)	(0.611)	(16.78)	(28.74)	(3.517)	(16.61)	(28.45)	(3.446)
4.enumerator	-0.129	-0.0484	0.0339	-0.0979	-0.144	-0.335	0.0690	-0.489	-0.0156	-0.287	0.0351	-0.392	-2.048	-0.736	-1.146	-5.782	-7.874	-1.078	-3.734	-7.138	0.0688
	(0.121)	(0.214)	(0.452)	(0.0742)	(0.226)	(0.683)	(0.456)	(0.609)	(0.277)	(0.667)	(0.748)	(0.636)	(1.623)	(1.236)	(0.646)	(3.746)	(7.376)	(1.251)	(4.367)	(7.776)	(1.387)
Constant	-174.4	242.6	891.0*	66.42	-16.65	770.3	1,077*	15.35	157.8	527.7	186.1	-51.07	-1,959	-1,362	-726.2	14,835	23,496	2,767	16,795*	24,858	3,493*
	(193.4)	(142.0)	(479.1)	(72.26)	(163.7)	(727.6)	(496.2)	(354.8)	(140.7)	(620.8)	(499.7)	(342.2)	(1,543)	(1,102)	(654.2)	(9,399)	(16,300)	(1,865)	(9,338)	(16,271)	(1,743)
																					
Observations	104	104	104	104	104	104	104	104	104	104	104	104	104	104	104	104	104	104	104	104	104
R-squared	0.207	0.062	0.186	0.098	0.141	0.083	0.176	0.136	0.223	0.089	0.040	0.140	0.230	0.088	0.231	0.081	0.076	0.080	0.090	0.080	0.093
Robust standard errors in parentheses																					
*** p<0.01, ** p<0.05, * p<0.1																					
